
1231224234123122423412312242341231224234
1231224234123122423412312242341231224234
1231224234123122423412312242341231224234
1231224234123122423412312242341231224234
1231224234123122423412312242341231224234
1231224234123122423412312242341231224234
1231224234123122423412312242341231224234
1231224234123122423412312242341231224234

1231224234123122423412312242341231224234
1231224234123122423412312242341231224234
1231224234123122423412312242341231224234

1231224234123122423412312242341231224234
1231224234123122423412312242341231224234
1231224234123122423412312242341231224234

